,answer,token_usage
0,4.0,124
1,4.0,156
2,4.0,210
3,4.0,170
4,4.0,129
5,4.0,211
6,4.0,194
7,4.0,151
8,4.0,182

