,answer,token_usage
0,230.0,54
1,230.0,57
2,230.0,55
3,230.0,74

