,answer,token_usage
0,No,84
1,No,17
2,No,84
3,No,81

